3
1
0.092823
0.102261
0.0975735
0.100593
2 
-5
3
1
0
0.175667
0.114787
0.0543977
1.01502
11.015
-1.12542
-0.707513 
1
1
0.0142274
0.26461
0.184498
1.62151
8.3666
7.3666
0.818094 
2
1
-0.0289361
0.185224
0.182621
1.04037
9.62444
3.62444
-1.62059 0.159707 
1
0.1
0.0987857
0.0956716
0.107738
2 
-5
3
1
0
0.176373
0.107057
0.0472255
1.13889
11.015
-1.16211
-0.755128 
1
1
0.0107193
0.263789
0.191122
1.60757
8.3666
7.27537
0.914777 
2
1
-0.0366875
0.177312
0.17741
1.05986
9.62444
3.80821
-1.4434 0.0255852 
2
0.0957912
0.0991726
0.1028
0.096766
0 1 
-5
3
1
0
0.182387
0.110611
0.0561247
0.941197
11.015
-1.0322
-0.669146 
1
1
0.00955225
0.263766
0.189776
1.62404
8.3666
7.52771
0.752863 
2
1
-0.0247163
0.189019
0.17499
1.01867
9.62444
3.78766
-1.58766 0.149937 
